530
Dataset measured at BL04B2
0.5 1.14217 0.239935 0.499771 0.260294 
0.55 0.263074 0.239021 0.499731 0.261249 
0.6 -0.297065 0.238025 0.499683 0.262292 
0.65 -0.619618 0.23695 0.499627 0.263423 
0.7 -0.786162 0.235798 0.499562 0.26464 
0.75 -1.01619 0.234571 0.499485 0.265944 
0.8 -1.19567 0.23327 0.499397 0.267333 
0.85 -1.28385 0.231899 0.499296 0.268805 
0.9 -1.33434 0.230459 0.499181 0.27036 
0.95 -1.37336 0.228953 0.499051 0.271997 
1 -1.38489 0.227383 0.498904 0.273713 
1.05 -1.45681 0.225753 0.498739 0.275508 
1.1 -1.38177 0.224064 0.498555 0.27738 
1.15 -1.32357 0.222321 0.498352 0.279327 
1.2 -1.31354 0.220526 0.498127 0.281348 
1.25 -1.18177 0.218681 0.497879 0.28344 
1.3 -1.20348 0.216791 0.497609 0.285601 
1.35 -1.08158 0.214857 0.497313 0.287829 
1.4 -0.956927 0.212885 0.496993 0.290122 
1.45 -0.893235 0.210876 0.496646 0.292478 
1.5 -0.694948 0.208834 0.496272 0.294894 
1.55 -0.672412 0.206762 0.495871 0.297367 
1.6 -0.514223 0.204665 0.495441 0.299895 
1.65 -0.420264 0.202544 0.494982 0.302474 
1.7 -0.357589 0.200403 0.494494 0.305103 
1.75 -0.330145 0.198247 0.493976 0.307777 
1.8 -0.396603 0.196077 0.493429 0.310494 
1.85 -0.727574 0.193897 0.492851 0.313251 
1.9 -0.98097 0.191711 0.492245 0.316045 
1.95 -1.02439 0.189521 0.491608 0.318871 
2 -1.42805 0.18733 0.490942 0.321728 
2.05 -1.5186 0.185141 0.490247 0.324611 
2.1 -1.68827 0.182958 0.489524 0.327518 
2.15 -1.72779 0.180782 0.488774 0.330444 
2.2 -1.75784 0.178617 0.487996 0.333387 
2.25 -1.74778 0.176465 0.487192 0.336343 
2.3 -1.62371 0.174328 0.486363 0.339309 
2.35 -1.72849 0.172208 0.48551 0.342282 
2.4 -1.56827 0.170109 0.484634 0.345257 
2.45 -1.56796 0.168031 0.483736 0.348233 
2.5 -1.18976 0.165977 0.482817 0.351206 
2.55 -0.473709 0.163948 0.481879 0.354173 
2.6 0.439611 0.161946 0.480923 0.35713 
2.65 2.57053 0.159973 0.479951 0.360076 
2.7 5.33926 0.15803 0.478963 0.363007 
2.75 9.52389 0.156118 0.477963 0.36592 
2.8 11.5579 0.154238 0.47695 0.368812 
2.85 8.19355 0.152391 0.475926 0.371682 
2.9 4.89376 0.150579 0.474894 0.374527 
2.95 2.59567 0.148802 0.473854 0.377344 
3 1.68441 0.14706 0.472809 0.380131 
3.05 1.83982 0.145354 0.471759 0.382887 
3.1 2.42824 0.143685 0.470706 0.385608 
3.15 3.50977 0.142053 0.469652 0.388294 
3.2 4.78914 0.140459 0.468598 0.390943 
3.25 4.25182 0.138902 0.467546 0.393552 
3.3 2.33496 0.137383 0.466496 0.396121 
3.35 0.478734 0.135902 0.465451 0.398647 
3.4 -0.404455 0.134458 0.464412 0.40113 
3.45 -1.32791 0.133052 0.463379 0.403568 
3.5 -1.69542 0.131684 0.462355 0.405961 
3.55 -1.75759 0.130354 0.461339 0.408306 
3.6 -1.76985 0.129061 0.460335 0.410604 
3.65 -1.88577 0.127805 0.459342 0.412853 
3.7 -2.0901 0.126587 0.458362 0.415052 
3.75 -2.10076 0.125404 0.457395 0.417201 
3.8 -2.1984 0.124258 0.456443 0.419299 
3.85 -2.13901 0.123148 0.455506 0.421345 
3.9 -2.25452 0.122074 0.454586 0.42334 
3.95 -2.19638 0.121035 0.453684 0.425281 
4 -2.03729 0.12003 0.452799 0.427171 
4.05 -2.15442 0.11906 0.451933 0.429007 
4.1 -2.11944 0.118124 0.451086 0.43079 
4.15 -2.01855 0.117222 0.45026 0.432519 
4.2 -1.82838 0.116352 0.449454 0.434195 
4.25 -1.68062 0.115515 0.448669 0.435816 
4.3 -1.30132 0.11471 0.447906 0.437385 
4.35 -0.736697 0.113936 0.447164 0.438899 
4.4 0.60379 0.113194 0.446445 0.440361 
4.45 1.88594 0.112482 0.44575 0.441769 
4.5 4.29907 0.1118 0.445077 0.443123 
4.55 5.27388 0.111148 0.444427 0.444425 
4.6 4.26796 0.110525 0.443801 0.445675 
4.65 2.40681 0.10993 0.443198 0.446872 
4.7 0.819814 0.109363 0.44262 0.448017 
4.75 -0.135442 0.108824 0.442065 0.449111 
4.8 -0.624061 0.108311 0.441534 0.450155 
4.85 -0.831815 0.107825 0.441027 0.451148 
4.9 -0.857995 0.107365 0.440544 0.452091 
4.95 -0.761059 0.10693 0.440084 0.452985 
5 -0.535036 0.10652 0.439649 0.453832 
5.05 -0.102446 0.106134 0.439236 0.45463 
5.1 0.657539 0.105771 0.438847 0.455382 
5.15 1.97896 0.105432 0.438481 0.456087 
5.2 3.92817 0.105115 0.438137 0.456747 
5.25 6.44689 0.10482 0.437817 0.457363 
5.3 8.8486 0.104547 0.437518 0.457935 
5.35 9.45076 0.104294 0.437241 0.458465 
5.4 7.46686 0.104062 0.436985 0.458953 
5.45 5.14388 0.103849 0.43675 0.459401 
5.5 3.86098 0.103656 0.436536 0.459808 
5.55 3.31667 0.103481 0.436342 0.460177 
5.6 2.39635 0.103325 0.436167 0.460508 
5.65 1.02393 0.103185 0.436012 0.460803 
5.7 -0.158754 0.103063 0.435875 0.461062 
5.75 -0.896137 0.102957 0.435756 0.461286 
5.8 -1.35231 0.102868 0.435655 0.461477 
5.85 -1.58301 0.102793 0.435571 0.461636 
5.9 -1.72335 0.102733 0.435504 0.461763 
5.95 -1.77421 0.102688 0.435452 0.46186 
6 -1.84356 0.102656 0.435416 0.461928 
6.05 -1.85885 0.102638 0.435395 0.461967 
6.1 -1.84019 0.102632 0.435388 0.46198 
6.15 -1.78184 0.102639 0.435395 0.461966 
6.2 -1.68845 0.102658 0.435415 0.461928 
6.25 -1.5051 0.102687 0.435447 0.461865 
6.3 -1.22526 0.102728 0.435492 0.46178 
6.35 -0.858983 0.102779 0.435548 0.461673 
6.4 -0.532716 0.102839 0.435615 0.461545 
6.45 -0.418917 0.10291 0.435693 0.461397 
6.5 -0.63837 0.102989 0.435781 0.46123 
6.55 -0.9095 0.103076 0.435878 0.461046 
6.6 -1.0608 0.103172 0.435984 0.460844 
6.65 -1.11051 0.103276 0.436099 0.460626 
6.7 -1.00058 0.103387 0.436221 0.460392 
6.75 -0.741692 0.103505 0.436351 0.460144 
6.8 -0.224544 0.103629 0.436488 0.459883 
6.85 0.646631 0.10376 0.436632 0.459608 
6.9 1.93411 0.103896 0.436782 0.459322 
6.95 3.42467 0.104038 0.436937 0.459024 
7 4.75032 0.104185 0.437098 0.458716 
7.05 5.33579 0.104337 0.437264 0.458398 
7.1 5.379 0.104494 0.437435 0.458071 
7.15 5.35354 0.104655 0.43761 0.457736 
7.2 4.91116 0.104819 0.437788 0.457392 
7.25 3.46029 0.104988 0.437971 0.457042 
7.3 1.68842 0.10516 0.438156 0.456684 
7.35 0.426775 0.105335 0.438345 0.456321 
7.4 -0.248509 0.105512 0.438536 0.455952 
7.45 -0.642178 0.105693 0.438729 0.455578 
7.5 -0.801606 0.105876 0.438925 0.455199 
7.55 -0.845273 0.106061 0.439123 0.454817 
7.6 -0.746401 0.106248 0.439322 0.45443 
7.65 -0.466441 0.106437 0.439522 0.454041 
7.7 -0.0335124 0.106627 0.439724 0.453649 
7.75 0.615728 0.106819 0.439927 0.453254 
7.8 1.45327 0.107012 0.440131 0.452857 
7.85 2.15826 0.107206 0.440335 0.452459 
7.9 2.27419 0.107402 0.440539 0.452059 
7.95 1.68272 0.107598 0.440744 0.451658 
8 0.9609 0.107794 0.440949 0.451257 
8.05 0.381201 0.107991 0.441154 0.450855 
8.1 0.169658 0.108189 0.441359 0.450452 
8.15 0.315117 0.108387 0.441564 0.45005 
8.2 0.758398 0.108585 0.441768 0.449648 
8.25 1.40298 0.108783 0.441972 0.449246 
8.3 2.22869 0.108981 0.442175 0.448845 
8.35 2.60112 0.109178 0.442377 0.448445 
8.4 2.19786 0.109376 0.442579 0.448045 
8.45 1.27799 0.109573 0.442779 0.447647 
8.5 0.278986 0.10977 0.442979 0.447251 
8.55 -0.352517 0.109967 0.443178 0.446855 
8.6 -0.712516 0.110163 0.443376 0.446461 
8.65 -0.909371 0.110358 0.443573 0.44607 
8.7 -1.00571 0.110553 0.443768 0.445679 
8.75 -1.0366 0.110747 0.443962 0.445291 
8.8 -1.00156 0.11094 0.444155 0.444905 
8.85 -0.879128 0.111132 0.444347 0.444521 
8.9 -0.707658 0.111324 0.444537 0.444139 
8.95 -0.444853 0.111515 0.444726 0.443759 
9 -0.194144 0.111704 0.444913 0.443382 
9.05 0.0790245 0.111893 0.445099 0.443007 
9.1 0.228906 0.112081 0.445284 0.442635 
9.15 0.2172 0.112268 0.445467 0.442265 
9.2 0.128567 0.112453 0.445648 0.441898 
9.25 0.285031 0.112638 0.445828 0.441534 
9.3 0.754701 0.112821 0.446007 0.441172 
9.35 1.52342 0.113004 0.446184 0.440813 
9.4 2.5688 0.113185 0.446359 0.440456 
9.45 3.66545 0.113365 0.446532 0.440103 
9.5 4.39196 0.113544 0.446705 0.439752 
9.55 4.31455 0.113721 0.446875 0.439404 
9.6 3.81353 0.113897 0.447044 0.439059 
9.65 2.97769 0.114072 0.447211 0.438717 
9.7 1.99611 0.114246 0.447376 0.438378 
9.75 1.12416 0.114418 0.44754 0.438041 
9.8 0.489038 0.114589 0.447703 0.437708 
9.85 0.140644 0.114759 0.447863 0.437378 
9.9 -0.0499634 0.114928 0.448022 0.43705 
9.95 -0.0319407 0.115095 0.448179 0.436726 
10 0.0900952 0.11526 0.448335 0.436405 
10.05 0.325939 0.115424 0.448489 0.436087 
10.1 0.536574 0.115587 0.448641 0.435772 
10.15 0.657703 0.115749 0.448791 0.43546 
10.2 0.617021 0.115909 0.44894 0.435151 
10.25 0.408021 0.116067 0.449087 0.434845 
10.3 0.27919 0.116224 0.449233 0.434543 
10.35 0.301355 0.11638 0.449377 0.434243 
10.4 0.561858 0.116534 0.449519 0.433947 
10.45 0.8316 0.116687 0.449659 0.433654 
10.5 1.19294 0.116838 0.449798 0.433364 
10.55 1.4135 0.116988 0.449935 0.433077 
10.6 1.36825 0.117136 0.45007 0.432794 
10.65 1.15207 0.117282 0.450204 0.432514 
10.7 0.780503 0.117427 0.450336 0.432237 
10.75 0.316291 0.117571 0.450466 0.431963 
10.8 -0.0860859 0.117712 0.450594 0.431693 
10.85 -0.305182 0.117853 0.450721 0.431426 
10.9 -0.392084 0.117991 0.450846 0.431163 
10.95 -0.454204 0.118128 0.450969 0.430903 
11 -0.382899 0.118263 0.451091 0.430646 
11.05 -0.262586 0.118397 0.45121 0.430393 
11.1 -0.151252 0.118529 0.451328 0.430143 
11.15 -0.0521927 0.118659 0.451445 0.429896 
11.2 0.0239897 0.118788 0.451559 0.429653 
11.25 0.161977 0.118914 0.451672 0.429414 
11.3 0.513607 0.119039 0.451783 0.429178 
11.35 0.908718 0.119163 0.451892 0.428946 
11.4 1.44364 0.119284 0.451999 0.428717 
11.45 1.8131 0.119404 0.452104 0.428492 
11.5 1.91642 0.119522 0.452208 0.42827 
11.55 1.76385 0.119638 0.45231 0.428053 
11.6 1.40537 0.119752 0.45241 0.427838 
11.65 1.06126 0.119864 0.452508 0.427628 
11.7 0.779348 0.119974 0.452604 0.427421 
11.75 0.56056 0.120083 0.452699 0.427218 
11.8 0.621799 0.120189 0.452792 0.42702 
11.85 0.859337 0.120294 0.452882 0.426824 
11.9 1.14361 0.120396 0.452971 0.426633 
11.95 1.48015 0.120497 0.453058 0.426445 
12 1.69153 0.120595 0.453143 0.426262 
12.05 1.75435 0.120692 0.453226 0.426082 
12.1 1.61824 0.120786 0.453307 0.425907 
12.15 1.55579 0.120879 0.453386 0.425735 
12.2 1.62667 0.120969 0.453464 0.425567 
12.25 1.87931 0.121057 0.453539 0.425404 
12.3 1.96326 0.121143 0.453612 0.425245 
12.35 1.95215 0.121227 0.453684 0.425089 
12.4 1.64162 0.121309 0.453753 0.424938 
12.45 1.05278 0.121388 0.453821 0.424791 
12.5 0.651915 0.121465 0.453886 0.424649 
12.55 0.292126 0.12154 0.453949 0.42451 
12.6 0.0452129 0.121613 0.454011 0.424376 
12.65 -0.0738226 0.121684 0.45407 0.424246 
12.7 -0.104165 0.121752 0.454127 0.424121 
12.75 -0.130483 0.121818 0.454182 0.424 
12.8 -0.100854 0.121881 0.454235 0.423883 
12.85 -0.0925488 0.121943 0.454286 0.423771 
12.9 -0.00969833 0.122002 0.454335 0.423663 
12.95 0.154562 0.122058 0.454382 0.42356 
13 0.325536 0.122112 0.454426 0.423462 
13.05 0.519621 0.122164 0.454469 0.423367 
13.1 0.79635 0.122213 0.454509 0.423278 
13.15 0.998507 0.12226 0.454547 0.423193 
13.2 1.22279 0.122304 0.454583 0.423113 
13.25 1.24352 0.122346 0.454617 0.423037 
13.3 1.0615 0.122385 0.454649 0.422967 
13.35 0.867929 0.122421 0.454678 0.4229 
13.4 0.652094 0.122456 0.454705 0.422839 
13.45 0.682705 0.122487 0.45473 0.422783 
13.5 0.639326 0.122516 0.454753 0.422731 
13.55 0.74221 0.122543 0.454774 0.422684 
13.6 0.806456 0.122566 0.454792 0.422642 
13.65 0.943139 0.122587 0.454808 0.422605 
13.7 0.940836 0.122606 0.454821 0.422573 
13.75 0.968886 0.122622 0.454833 0.422546 
13.8 1.10454 0.122635 0.454842 0.422523 
13.85 1.20157 0.122645 0.454849 0.422506 
13.9 1.37276 0.122653 0.454853 0.422494 
13.95 1.42391 0.122658 0.454855 0.422487 
14 1.32904 0.122661 0.454855 0.422485 
14.05 1.14191 0.12266 0.454852 0.422488 
14.1 0.942218 0.122657 0.454847 0.422496 
14.15 0.798802 0.122651 0.45484 0.422509 
14.2 0.748684 0.122642 0.45483 0.422528 
14.25 0.658426 0.122631 0.454818 0.422551 
14.3 0.795042 0.122617 0.454803 0.42258 
14.35 0.834671 0.1226 0.454786 0.422614 
14.4 0.909761 0.12258 0.454767 0.422653 
14.45 1.0231 0.122557 0.454745 0.422698 
14.5 1.19341 0.122531 0.454721 0.422748 
14.55 1.32257 0.122503 0.454694 0.422803 
14.6 1.56693 0.122472 0.454665 0.422863 
14.65 1.63553 0.122438 0.454634 0.422929 
14.7 1.58568 0.122401 0.454599 0.423 
14.75 1.45283 0.122361 0.454563 0.423076 
14.8 1.21029 0.122318 0.454524 0.423158 
14.85 1.0049 0.122273 0.454482 0.423245 
14.9 0.737232 0.122225 0.454438 0.423337 
14.95 0.604925 0.122173 0.454391 0.423435 
15 0.579878 0.122119 0.454342 0.423539 
15.05 0.645013 0.122062 0.45429 0.423647 
15.1 0.531393 0.122002 0.454236 0.423762 
15.15 0.626037 0.121939 0.454179 0.423881 
15.2 0.637024 0.121874 0.45412 0.424006 
15.25 0.597381 0.121805 0.454058 0.424137 
15.3 0.586644 0.121733 0.453994 0.424273 
15.35 0.566067 0.121659 0.453927 0.424414 
15.4 0.522263 0.121582 0.453857 0.424561 
15.45 0.434233 0.121502 0.453785 0.424714 
15.5 0.406862 0.121418 0.45371 0.424872 
15.55 0.397521 0.121333 0.453632 0.425035 
15.6 0.392312 0.121244 0.453552 0.425204 
15.65 0.466884 0.121152 0.45347 0.425378 
15.7 0.500099 0.121057 0.453384 0.425558 
15.75 0.618493 0.12096 0.453296 0.425744 
15.8 0.743986 0.12086 0.453206 0.425935 
15.85 0.882494 0.120756 0.453113 0.426131 
15.9 1.00155 0.12065 0.453017 0.426333 
15.95 1.10465 0.120541 0.452918 0.42654 
16 1.26535 0.12043 0.452817 0.426753 
16.05 1.31468 0.120315 0.452713 0.426971 
16.1 1.17446 0.120198 0.452607 0.427195 
16.15 1.18419 0.120078 0.452498 0.427425 
16.2 1.00358 0.119954 0.452386 0.427659 
16.25 1.13162 0.119829 0.452272 0.4279 
16.3 1.2119 0.1197 0.452154 0.428146 
16.35 1.16158 0.119569 0.452034 0.428397 
16.4 1.37651 0.119435 0.451912 0.428653 
16.45 1.21139 0.119298 0.451787 0.428916 
16.5 1.29709 0.119158 0.451659 0.429183 
16.55 1.25756 0.119016 0.451528 0.429456 
16.6 1.2805 0.118871 0.451395 0.429734 
16.65 1.27218 0.118723 0.451259 0.430018 
16.7 1.21988 0.118573 0.45112 0.430307 
16.75 1.04507 0.118419 0.450979 0.430602 
16.8 0.88736 0.118264 0.450835 0.430902 
16.85 0.7694 0.118105 0.450688 0.431207 
16.9 0.758325 0.117944 0.450538 0.431518 
16.95 0.762638 0.117781 0.450386 0.431834 
17 0.823031 0.117614 0.450231 0.432155 
17.05 0.775003 0.117446 0.450073 0.432481 
17.1 0.856398 0.117274 0.449913 0.432813 
17.15 0.867922 0.1171 0.44975 0.43315 
17.2 0.951752 0.116924 0.449584 0.433492 
17.25 1.07852 0.116745 0.449415 0.43384 
17.3 1.21304 0.116564 0.449244 0.434192 
17.35 1.16116 0.11638 0.44907 0.43455 
17.4 1.1356 0.116193 0.448894 0.434913 
17.45 0.965173 0.116005 0.448714 0.435281 
17.5 0.872628 0.115814 0.448532 0.435654 
17.55 0.859495 0.11562 0.448347 0.436033 
17.6 0.784984 0.115424 0.44816 0.436416 
17.65 0.803293 0.115226 0.44797 0.436804 
17.7 0.728865 0.115026 0.447777 0.437198 
17.75 0.75327 0.114823 0.447581 0.437596 
17.8 0.680389 0.114618 0.447383 0.437999 
17.85 0.661054 0.114411 0.447182 0.438408 
17.9 0.587306 0.114201 0.446978 0.438821 
17.95 0.564918 0.113989 0.446772 0.439239 
18 0.613599 0.113775 0.446563 0.439662 
18.05 0.563707 0.113559 0.446351 0.440089 
18.1 0.709858 0.113341 0.446137 0.440522 
18.15 0.725339 0.113121 0.44592 0.440959 
18.2 0.886963 0.112899 0.4457 0.441401 
18.25 1.0064 0.112674 0.445478 0.441848 
18.3 1.1638 0.112448 0.445253 0.442299 
18.35 1.25563 0.11222 0.445025 0.442755 
18.4 1.3461 0.111989 0.444795 0.443216 
18.45 1.44459 0.111757 0.444562 0.443681 
18.5 1.38699 0.111523 0.444326 0.444151 
18.55 1.29258 0.111287 0.444088 0.444625 
18.6 1.20966 0.111049 0.443847 0.445104 
18.65 1.21481 0.110809 0.443604 0.445587 
18.7 1.18002 0.110568 0.443358 0.446075 
18.75 1.3043 0.110324 0.443109 0.446567 
18.8 1.14135 0.110079 0.442858 0.447063 
18.85 1.22429 0.109832 0.442604 0.447564 
18.9 1.28094 0.109584 0.442347 0.448069 
18.95 1.25183 0.109333 0.442089 0.448578 
19 1.24437 0.109082 0.441827 0.449091 
19.05 1.27593 0.108828 0.441563 0.449609 
19.1 1.06442 0.108573 0.441296 0.450131 
19.15 1.02676 0.108316 0.441027 0.450656 
19.2 0.932969 0.108058 0.440756 0.451186 
19.25 0.93395 0.107799 0.440482 0.45172 
19.3 0.920518 0.107538 0.440205 0.452258 
19.35 0.944873 0.107275 0.439926 0.452799 
19.4 0.896869 0.107011 0.439644 0.453345 
19.45 0.883854 0.106746 0.43936 0.453894 
19.5 0.861794 0.106479 0.439074 0.454448 
19.55 0.918874 0.106211 0.438785 0.455005 
19.6 0.886362 0.105942 0.438493 0.455565 
19.65 0.880088 0.105671 0.438199 0.45613 
19.7 0.927544 0.105399 0.437903 0.456698 
19.75 0.951692 0.105126 0.437604 0.45727 
19.8 1.00453 0.104852 0.437303 0.457845 
19.85 0.935419 0.104576 0.437 0.458424 
19.9 0.954347 0.1043 0.436694 0.459006 
19.95 0.994703 0.104022 0.436386 0.459592 
20 0.967937 0.103743 0.436076 0.460181 
20.05 0.885804 0.103464 0.435763 0.460773 
20.1 0.922777 0.103183 0.435448 0.461369 
20.15 0.869621 0.102901 0.435131 0.461968 
20.2 0.86407 0.102618 0.434811 0.462571 
20.25 0.867196 0.102335 0.434489 0.463176 
20.3 0.837094 0.10205 0.434165 0.463785 
20.35 0.853818 0.101765 0.433839 0.464397 
20.4 0.868679 0.101479 0.43351 0.465011 
20.45 0.949387 0.101191 0.433179 0.465629 
20.5 1.01905 0.100904 0.432846 0.46625 
20.55 1.03413 0.100615 0.432511 0.466874 
20.6 0.946262 0.100326 0.432174 0.467501 
20.65 1.02622 0.100035 0.431834 0.46813 
20.7 1.01204 0.0997447 0.431492 0.468763 
20.75 1.03912 0.0994532 0.431149 0.469398 
20.8 1.06712 0.0991612 0.430803 0.470036 
20.85 1.11419 0.0988685 0.430455 0.470676 
20.9 1.20617 0.0985753 0.430105 0.47132 
20.95 1.2107 0.0982815 0.429753 0.471965 
21 1.10264 0.0979872 0.429399 0.472614 
21.05 1.25423 0.0976924 0.429043 0.473264 
21.1 1.18397 0.0973971 0.428685 0.473918 
21.15 1.16698 0.0971013 0.428325 0.474574 
21.2 1.06839 0.0968052 0.427963 0.475232 
21.25 1.19924 0.0965086 0.427599 0.475892 
21.3 1.07675 0.0962117 0.427233 0.476555 
21.35 1.10822 0.0959144 0.426866 0.47722 
21.4 1.10751 0.0956168 0.426496 0.477887 
21.45 1.10764 0.0953189 0.426125 0.478556 
21.5 1.12583 0.0950207 0.425751 0.479228 
21.55 1.14127 0.0947223 0.425376 0.479902 
21.6 1.10866 0.0944237 0.424999 0.480577 
21.65 1.05389 0.0941248 0.42462 0.481255 
21.7 1.00701 0.0938257 0.42424 0.481934 
21.75 0.949444 0.0935265 0.423858 0.482616 
21.8 0.843681 0.0932272 0.423474 0.483299 
21.85 0.810062 0.0929277 0.423088 0.483984 
21.9 0.795379 0.0926282 0.4227 0.484671 
21.95 0.797917 0.0923286 0.422311 0.48536 
22 0.788083 0.092029 0.42192 0.486051 
22.05 0.763476 0.0917293 0.421528 0.486743 
22.1 0.724355 0.0914296 0.421134 0.487437 
22.15 0.71795 0.0911299 0.420738 0.488132 
22.2 0.656093 0.0908303 0.420341 0.488829 
22.25 0.76489 0.0905307 0.419942 0.489527 
22.3 0.754743 0.0902312 0.419542 0.490227 
22.35 0.888297 0.0899317 0.41914 0.490928 
22.4 0.850686 0.0896325 0.418736 0.491631 
22.45 0.937089 0.0893333 0.418332 0.492335 
22.5 0.957282 0.0890343 0.417925 0.49304 
22.55 1.00394 0.0887355 0.417518 0.493747 
22.6 0.938465 0.0884368 0.417108 0.494455 
22.65 0.91335 0.0881384 0.416698 0.495164 
22.7 0.98895 0.0878402 0.416286 0.495874 
22.75 1.03822 0.0875423 0.415872 0.496586 
22.8 1.05922 0.0872446 0.415457 0.497298 
22.85 0.987425 0.0869472 0.415041 0.498011 
22.9 1.00922 0.0866501 0.414624 0.498726 
22.95 1.10031 0.0863533 0.414205 0.499441 
23 1.03427 0.0860568 0.413785 0.500158 
23.05 0.962448 0.0857607 0.413364 0.500875 
23.1 0.999971 0.085465 0.412942 0.501593 
23.15 0.839017 0.0851696 0.412518 0.502312 
23.2 0.980389 0.0848746 0.412093 0.503032 
23.25 1.15721 0.0845801 0.411667 0.503753 
23.3 1.0156 0.0842859 0.41124 0.504474 
23.35 0.987444 0.0839922 0.410812 0.505196 
23.4 1.07152 0.083699 0.410382 0.505919 
23.45 1.12301 0.0834062 0.409952 0.506642 
23.5 1.20293 0.0831139 0.40952 0.507366 
23.55 1.12168 0.0828221 0.409088 0.50809 
23.6 1.16427 0.0825308 0.408654 0.508815 
23.65 1.15794 0.0822401 0.40822 0.50954 
23.7 1.24751 0.0819498 0.407784 0.510266 
23.75 1.03368 0.0816602 0.407347 0.510993 
23.8 1.07013 0.081371 0.40691 0.511719 
23.85 0.962747 0.0810825 0.406471 0.512446 
23.9 1.04234 0.0807945 0.406032 0.513174 
23.95 1.0518 0.0805071 0.405591 0.513901 
24 1.08158 0.0802204 0.40515 0.514629 
24.05 1.04671 0.0799342 0.404708 0.515358 
24.1 1.03085 0.0796487 0.404265 0.516086 
24.15 1.08054 0.0793638 0.403821 0.516815 
24.2 1.04407 0.0790796 0.403377 0.517544 
24.25 0.952539 0.078796 0.402932 0.518273 
24.3 0.975416 0.0785131 0.402485 0.519001 
24.35 0.997112 0.0782309 0.402039 0.519731 
24.4 0.90839 0.0779494 0.401591 0.52046 
24.45 1.01699 0.0776685 0.401143 0.521189 
24.5 0.857732 0.0773884 0.400694 0.521918 
24.55 0.971716 0.077109 0.400244 0.522647 
24.6 0.845186 0.0768303 0.399794 0.523376 
24.65 0.8549 0.0765523 0.399343 0.524105 
24.7 0.976934 0.0762751 0.398891 0.524834 
24.75 1.03683 0.0759986 0.398439 0.525563 
24.8 0.845811 0.0757229 0.397986 0.526291 
24.85 0.88779 0.075448 0.397532 0.52702 
24.9 0.965972 0.0751738 0.397078 0.527748 
24.95 0.886423 0.0749004 0.396624 0.528476 
25 0.930298 0.0746278 0.396169 0.529203 
25.05 1.01715 0.074356 0.395713 0.529931 
25.1 1.00556 0.0740849 0.395257 0.530658 
25.15 1.20007 0.0738147 0.394801 0.531384 
25.2 1.01272 0.0735453 0.394344 0.532111 
25.25 1.17585 0.0732767 0.393886 0.532837 
25.3 1.12324 0.0730089 0.393429 0.533562 
25.35 1.20153 0.072742 0.39297 0.534288 
25.4 1.17467 0.0724759 0.392512 0.535012 
25.45 1.26695 0.0722106 0.392053 0.535737 
25.5 1.23303 0.0719461 0.391593 0.536461 
25.55 1.14944 0.0716826 0.391134 0.537184 
25.6 1.1957 0.0714198 0.390673 0.537907 
25.65 1.07139 0.0711579 0.390213 0.538629 
25.7 1.00293 0.0708969 0.389752 0.539351 
25.75 1.13317 0.0706367 0.389291 0.540072 
25.8 1.09862 0.0703774 0.38883 0.540792 
25.85 0.977319 0.070119 0.388369 0.541512 
25.9 0.892502 0.0698615 0.387907 0.542232 
25.95 1.27095 0.0696048 0.387445 0.54295 
26 0.862341 0.069349 0.386983 0.543668 
26.05 0.910382 0.0690941 0.38652 0.544386 
26.1 0.801901 0.06884 0.386058 0.545102 
26.15 0.984676 0.0685869 0.385595 0.545818 
26.2 0.979116 0.0683346 0.385132 0.546533 
26.25 0.958298 0.0680833 0.384669 0.547248 
26.3 1.09572 0.0678328 0.384206 0.547962 
26.35 1.18303 0.0675833 0.383742 0.548674 
26.4 1.00671 0.0673346 0.383279 0.549387 
26.45 1.01989 0.0670868 0.382815 0.550098 
26.5 0.902905 0.06684 0.382352 0.550808 
26.55 1.03919 0.066594 0.381888 0.551518 
26.6 0.878697 0.066349 0.381424 0.552227 
26.65 0.728386 0.0661049 0.38096 0.552935 
26.7 0.975082 0.0658616 0.380496 0.553642 
26.75 0.965856 0.0656193 0.380032 0.554348 
26.8 0.736582 0.0653779 0.379569 0.555054 
26.85 1.02344 0.0651374 0.379105 0.555758 
26.9 0.785335 0.0648978 0.378641 0.556461 
26.95 0.746693 0.0646591 0.378177 0.557164 
